1	20140101	201401	2014	1	1	1	3	201401	1	工作日
2	20140102	201401	2014	1	2	1	4	201401	2	工作日
3	20140103	201401	2014	1	3	1	5	201401	3	工作日
4	20140104	201401	2014	1	4	1	6	201401	4	周末
5	20140105	201401	2014	1	5	1	7	201401	5	周末
6	20140106	201401	2014	1	6	1	1	201402	6	工作日
7	20140107	201401	2014	1	7	1	2	201402	7	工作日
8	20140108	201401	2014	1	8	1	3	201402	8	工作日
9	20140109	201401	2014	1	9	1	4	201402	9	工作日
10	20140110	201401	2014	1	10	1	5	201402	10	工作日
11	20140111	201401	2014	1	11	1	6	201402	11	周末
12	20140112	201401	2014	1	12	1	7	201402	12	周末
13	20140113	201401	2014	1	13	1	1	201403	13	工作日
14	20140114	201401	2014	1	14	1	2	201403	14	工作日
15	20140115	201401	2014	1	15	1	3	201403	15	工作日
16	20140116	201401	2014	1	16	1	4	201403	16	工作日
17	20140117	201401	2014	1	17	1	5	201403	17	工作日
18	20140118	201401	2014	1	18	1	6	201403	18	周末
19	20140119	201401	2014	1	19	1	7	201403	19	周末
20	20140120	201401	2014	1	20	1	1	201404	20	工作日
21	20140121	201401	2014	1	21	1	2	201404	21	工作日
22	20140122	201401	2014	1	22	1	3	201404	22	工作日
23	20140123	201401	2014	1	23	1	4	201404	23	工作日
24	20140124	201401	2014	1	24	1	5	201404	24	工作日
25	20140125	201401	2014	1	25	1	6	201404	25	周末
26	20140126	201401	2014	1	26	1	7	201404	26	周末
27	20140127	201401	2014	1	27	1	1	201405	27	工作日
28	20140128	201401	2014	1	28	1	2	201405	28	工作日
29	20140129	201401	2014	1	29	1	3	201405	29	工作日
30	20140130	201401	2014	1	30	1	4	201405	30	工作日
31	20140131	201401	2014	1	31	1	5	201405	31	工作日
32	20140201	201402	2014	2	1	1	6	201405	1	周末
33	20140202	201402	2014	2	2	1	7	201405	2	周末
34	20140203	201402	2014	2	3	1	1	201406	3	工作日
35	20140204	201402	2014	2	4	1	2	201406	4	工作日
36	20140205	201402	2014	2	5	1	3	201406	5	工作日
37	20140206	201402	2014	2	6	1	4	201406	6	工作日
38	20140207	201402	2014	2	7	1	5	201406	7	工作日
39	20140208	201402	2014	2	8	1	6	201406	8	周末
40	20140209	201402	2014	2	9	1	7	201406	9	周末
41	20140210	201402	2014	2	10	1	1	201407	10	工作日
42	20140211	201402	2014	2	11	1	2	201407	11	工作日
43	20140212	201402	2014	2	12	1	3	201407	12	工作日
44	20140213	201402	2014	2	13	1	4	201407	13	工作日
45	20140214	201402	2014	2	14	1	5	201407	14	工作日
46	20140215	201402	2014	2	15	1	6	201407	15	周末
47	20140216	201402	2014	2	16	1	7	201407	16	周末
48	20140217	201402	2014	2	17	1	1	201408	17	工作日
49	20140218	201402	2014	2	18	1	2	201408	18	工作日
50	20140219	201402	2014	2	19	1	3	201408	19	工作日
51	20140220	201402	2014	2	20	1	4	201408	20	工作日
52	20140221	201402	2014	2	21	1	5	201408	21	工作日
53	20140222	201402	2014	2	22	1	6	201408	22	周末
54	20140223	201402	2014	2	23	1	7	201408	23	周末
55	20140224	201402	2014	2	24	1	1	201409	24	工作日
56	20140225	201402	2014	2	25	1	2	201409	25	工作日
57	20140226	201402	2014	2	26	1	3	201409	26	工作日
58	20140227	201402	2014	2	27	1	4	201409	27	工作日
59	20140228	201402	2014	2	28	1	5	201409	28	工作日
60	20140301	201403	2014	3	1	1	6	201409	1	周末
61	20140302	201403	2014	3	2	1	7	201409	2	周末
62	20140303	201403	2014	3	3	1	1	201410	3	工作日
63	20140304	201403	2014	3	4	1	2	201410	4	工作日
64	20140305	201403	2014	3	5	1	3	201410	5	工作日
65	20140306	201403	2014	3	6	1	4	201410	6	工作日
66	20140307	201403	2014	3	7	1	5	201410	7	工作日
67	20140308	201403	2014	3	8	1	6	201410	8	周末
68	20140309	201403	2014	3	9	1	7	201410	9	周末
69	20140310	201403	2014	3	10	1	1	201411	10	工作日
70	20140311	201403	2014	3	11	1	2	201411	11	工作日
71	20140312	201403	2014	3	12	1	3	201411	12	工作日
72	20140313	201403	2014	3	13	1	4	201411	13	工作日
73	20140314	201403	2014	3	14	1	5	201411	14	工作日
74	20140315	201403	2014	3	15	1	6	201411	15	周末
75	20140316	201403	2014	3	16	1	7	201411	16	周末
76	20140317	201403	2014	3	17	1	1	201412	17	工作日
77	20140318	201403	2014	3	18	1	2	201412	18	工作日
78	20140319	201403	2014	3	19	1	3	201412	19	工作日
79	20140320	201403	2014	3	20	1	4	201412	20	工作日
80	20140321	201403	2014	3	21	1	5	201412	21	工作日
81	20140322	201403	2014	3	22	1	6	201412	22	周末
82	20140323	201403	2014	3	23	1	7	201412	23	周末
83	20140324	201403	2014	3	24	1	1	201413	24	工作日
84	20140325	201403	2014	3	25	1	2	201413	25	工作日
85	20140326	201403	2014	3	26	1	3	201413	26	工作日
86	20140327	201403	2014	3	27	1	4	201413	27	工作日
87	20140328	201403	2014	3	28	1	5	201413	28	工作日
88	20140329	201403	2014	3	29	1	6	201413	29	周末
89	20140330	201403	2014	3	30	1	7	201413	30	周末
90	20140331	201403	2014	3	31	1	1	201414	31	工作日
91	20140401	201404	2014	4	1	2	2	201414	1	工作日
92	20140402	201404	2014	4	2	2	3	201414	2	工作日
93	20140403	201404	2014	4	3	2	4	201414	3	工作日
94	20140404	201404	2014	4	4	2	5	201414	4	工作日
95	20140405	201404	2014	4	5	2	6	201414	5	周末
96	20140406	201404	2014	4	6	2	7	201414	6	周末
97	20140407	201404	2014	4	7	2	1	201415	7	工作日
98	20140408	201404	2014	4	8	2	2	201415	8	工作日
99	20140409	201404	2014	4	9	2	3	201415	9	工作日
100	20140410	201404	2014	4	10	2	4	201415	10	工作日
101	20140411	201404	2014	4	11	2	5	201415	11	工作日
102	20140412	201404	2014	4	12	2	6	201415	12	周末
103	20140413	201404	2014	4	13	2	7	201415	13	周末
104	20140414	201404	2014	4	14	2	1	201416	14	工作日
105	20140415	201404	2014	4	15	2	2	201416	15	工作日
106	20140416	201404	2014	4	16	2	3	201416	16	工作日
107	20140417	201404	2014	4	17	2	4	201416	17	工作日
108	20140418	201404	2014	4	18	2	5	201416	18	工作日
109	20140419	201404	2014	4	19	2	6	201416	19	周末
110	20140420	201404	2014	4	20	2	7	201416	20	周末
111	20140421	201404	2014	4	21	2	1	201417	21	工作日
112	20140422	201404	2014	4	22	2	2	201417	22	工作日
113	20140423	201404	2014	4	23	2	3	201417	23	工作日
114	20140424	201404	2014	4	24	2	4	201417	24	工作日
115	20140425	201404	2014	4	25	2	5	201417	25	工作日
116	20140426	201404	2014	4	26	2	6	201417	26	周末
117	20140427	201404	2014	4	27	2	7	201417	27	周末
118	20140428	201404	2014	4	28	2	1	201418	28	工作日
119	20140429	201404	2014	4	29	2	2	201418	29	工作日
120	20140430	201404	2014	4	30	2	3	201418	30	工作日
121	20140501	201405	2014	5	1	2	4	201418	1	工作日
122	20140502	201405	2014	5	2	2	5	201418	2	工作日
123	20140503	201405	2014	5	3	2	6	201418	3	周末
124	20140504	201405	2014	5	4	2	7	201418	4	周末
125	20140505	201405	2014	5	5	2	1	201419	5	工作日
126	20140506	201405	2014	5	6	2	2	201419	6	工作日
127	20140507	201405	2014	5	7	2	3	201419	7	工作日
128	20140508	201405	2014	5	8	2	4	201419	8	工作日
129	20140509	201405	2014	5	9	2	5	201419	9	工作日
130	20140510	201405	2014	5	10	2	6	201419	10	周末
131	20140511	201405	2014	5	11	2	7	201419	11	周末
132	20140512	201405	2014	5	12	2	1	201420	12	工作日
133	20140513	201405	2014	5	13	2	2	201420	13	工作日
134	20140514	201405	2014	5	14	2	3	201420	14	工作日
135	20140515	201405	2014	5	15	2	4	201420	15	工作日
136	20140516	201405	2014	5	16	2	5	201420	16	工作日
137	20140517	201405	2014	5	17	2	6	201420	17	周末
138	20140518	201405	2014	5	18	2	7	201420	18	周末
139	20140519	201405	2014	5	19	2	1	201421	19	工作日
140	20140520	201405	2014	5	20	2	2	201421	20	工作日
141	20140521	201405	2014	5	21	2	3	201421	21	工作日
142	20140522	201405	2014	5	22	2	4	201421	22	工作日
143	20140523	201405	2014	5	23	2	5	201421	23	工作日
144	20140524	201405	2014	5	24	2	6	201421	24	周末
145	20140525	201405	2014	5	25	2	7	201421	25	周末
146	20140526	201405	2014	5	26	2	1	201422	26	工作日
147	20140527	201405	2014	5	27	2	2	201422	27	工作日
148	20140528	201405	2014	5	28	2	3	201422	28	工作日
149	20140529	201405	2014	5	29	2	4	201422	29	工作日
150	20140530	201405	2014	5	30	2	5	201422	30	工作日
151	20140531	201405	2014	5	31	2	6	201422	31	周末
152	20140601	201406	2014	6	1	2	7	201422	1	周末
153	20140602	201406	2014	6	2	2	1	201423	2	工作日
154	20140603	201406	2014	6	3	2	2	201423	3	工作日
155	20140604	201406	2014	6	4	2	3	201423	4	工作日
156	20140605	201406	2014	6	5	2	4	201423	5	工作日
157	20140606	201406	2014	6	6	2	5	201423	6	工作日
158	20140607	201406	2014	6	7	2	6	201423	7	周末
159	20140608	201406	2014	6	8	2	7	201423	8	周末
160	20140609	201406	2014	6	9	2	1	201424	9	工作日
161	20140610	201406	2014	6	10	2	2	201424	10	工作日
162	20140611	201406	2014	6	11	2	3	201424	11	工作日
163	20140612	201406	2014	6	12	2	4	201424	12	工作日
164	20140613	201406	2014	6	13	2	5	201424	13	工作日
165	20140614	201406	2014	6	14	2	6	201424	14	周末
166	20140615	201406	2014	6	15	2	7	201424	15	周末
167	20140616	201406	2014	6	16	2	1	201425	16	工作日
168	20140617	201406	2014	6	17	2	2	201425	17	工作日
169	20140618	201406	2014	6	18	2	3	201425	18	工作日
170	20140619	201406	2014	6	19	2	4	201425	19	工作日
171	20140620	201406	2014	6	20	2	5	201425	20	工作日
172	20140621	201406	2014	6	21	2	6	201425	21	周末
173	20140622	201406	2014	6	22	2	7	201425	22	周末
174	20140623	201406	2014	6	23	2	1	201426	23	工作日
175	20140624	201406	2014	6	24	2	2	201426	24	工作日
176	20140625	201406	2014	6	25	2	3	201426	25	工作日
177	20140626	201406	2014	6	26	2	4	201426	26	工作日
178	20140627	201406	2014	6	27	2	5	201426	27	工作日
179	20140628	201406	2014	6	28	2	6	201426	28	周末
180	20140629	201406	2014	6	29	2	7	201426	29	周末
181	20140630	201406	2014	6	30	2	1	201427	30	工作日
182	20140701	201407	2014	7	1	3	2	201427	1	工作日
183	20140702	201407	2014	7	2	3	3	201427	2	工作日
184	20140703	201407	2014	7	3	3	4	201427	3	工作日
185	20140704	201407	2014	7	4	3	5	201427	4	工作日
186	20140705	201407	2014	7	5	3	6	201427	5	周末
187	20140706	201407	2014	7	6	3	7	201427	6	周末
188	20140707	201407	2014	7	7	3	1	201428	7	工作日
189	20140708	201407	2014	7	8	3	2	201428	8	工作日
190	20140709	201407	2014	7	9	3	3	201428	9	工作日
191	20140710	201407	2014	7	10	3	4	201428	10	工作日
192	20140711	201407	2014	7	11	3	5	201428	11	工作日
193	20140712	201407	2014	7	12	3	6	201428	12	周末
194	20140713	201407	2014	7	13	3	7	201428	13	周末
195	20140714	201407	2014	7	14	3	1	201429	14	工作日
196	20140715	201407	2014	7	15	3	2	201429	15	工作日
197	20140716	201407	2014	7	16	3	3	201429	16	工作日
198	20140717	201407	2014	7	17	3	4	201429	17	工作日
199	20140718	201407	2014	7	18	3	5	201429	18	工作日
200	20140719	201407	2014	7	19	3	6	201429	19	周末
201	20140720	201407	2014	7	20	3	7	201429	20	周末
202	20140721	201407	2014	7	21	3	1	201430	21	工作日
203	20140722	201407	2014	7	22	3	2	201430	22	工作日
204	20140723	201407	2014	7	23	3	3	201430	23	工作日
205	20140724	201407	2014	7	24	3	4	201430	24	工作日
206	20140725	201407	2014	7	25	3	5	201430	25	工作日
207	20140726	201407	2014	7	26	3	6	201430	26	周末
208	20140727	201407	2014	7	27	3	7	201430	27	周末
209	20140728	201407	2014	7	28	3	1	201431	28	工作日
210	20140729	201407	2014	7	29	3	2	201431	29	工作日
211	20140730	201407	2014	7	30	3	3	201431	30	工作日
212	20140731	201407	2014	7	31	3	4	201431	31	工作日
213	20140801	201408	2014	8	1	3	5	201431	1	工作日
214	20140802	201408	2014	8	2	3	6	201431	2	周末
215	20140803	201408	2014	8	3	3	7	201431	3	周末
216	20140804	201408	2014	8	4	3	1	201432	4	工作日
217	20140805	201408	2014	8	5	3	2	201432	5	工作日
218	20140806	201408	2014	8	6	3	3	201432	6	工作日
219	20140807	201408	2014	8	7	3	4	201432	7	工作日
220	20140808	201408	2014	8	8	3	5	201432	8	工作日
221	20140809	201408	2014	8	9	3	6	201432	9	周末
222	20140810	201408	2014	8	10	3	7	201432	10	周末
223	20140811	201408	2014	8	11	3	1	201433	11	工作日
224	20140812	201408	2014	8	12	3	2	201433	12	工作日
225	20140813	201408	2014	8	13	3	3	201433	13	工作日
226	20140814	201408	2014	8	14	3	4	201433	14	工作日
227	20140815	201408	2014	8	15	3	5	201433	15	工作日
228	20140816	201408	2014	8	16	3	6	201433	16	周末
229	20140817	201408	2014	8	17	3	7	201433	17	周末
230	20140818	201408	2014	8	18	3	1	201434	18	工作日
231	20140819	201408	2014	8	19	3	2	201434	19	工作日
232	20140820	201408	2014	8	20	3	3	201434	20	工作日
233	20140821	201408	2014	8	21	3	4	201434	21	工作日
234	20140822	201408	2014	8	22	3	5	201434	22	工作日
235	20140823	201408	2014	8	23	3	6	201434	23	周末
236	20140824	201408	2014	8	24	3	7	201434	24	周末
237	20140825	201408	2014	8	25	3	1	201435	25	工作日
238	20140826	201408	2014	8	26	3	2	201435	26	工作日
239	20140827	201408	2014	8	27	3	3	201435	27	工作日
240	20140828	201408	2014	8	28	3	4	201435	28	工作日
241	20140829	201408	2014	8	29	3	5	201435	29	工作日
242	20140830	201408	2014	8	30	3	6	201435	30	周末
243	20140831	201408	2014	8	31	3	7	201435	31	周末
244	20140901	201409	2014	9	1	3	1	201436	1	工作日
245	20140902	201409	2014	9	2	3	2	201436	2	工作日
246	20140903	201409	2014	9	3	3	3	201436	3	工作日
247	20140904	201409	2014	9	4	3	4	201436	4	工作日
248	20140905	201409	2014	9	5	3	5	201436	5	工作日
249	20140906	201409	2014	9	6	3	6	201436	6	周末
250	20140907	201409	2014	9	7	3	7	201436	7	周末
251	20140908	201409	2014	9	8	3	1	201437	8	工作日
252	20140909	201409	2014	9	9	3	2	201437	9	工作日
253	20140910	201409	2014	9	10	3	3	201437	10	工作日
254	20140911	201409	2014	9	11	3	4	201437	11	工作日
255	20140912	201409	2014	9	12	3	5	201437	12	工作日
256	20140913	201409	2014	9	13	3	6	201437	13	周末
257	20140914	201409	2014	9	14	3	7	201437	14	周末
258	20140915	201409	2014	9	15	3	1	201438	15	工作日
259	20140916	201409	2014	9	16	3	2	201438	16	工作日
260	20140917	201409	2014	9	17	3	3	201438	17	工作日
261	20140918	201409	2014	9	18	3	4	201438	18	工作日
262	20140919	201409	2014	9	19	3	5	201438	19	工作日
263	20140920	201409	2014	9	20	3	6	201438	20	周末
264	20140921	201409	2014	9	21	3	7	201438	21	周末
265	20140922	201409	2014	9	22	3	1	201439	22	工作日
266	20140923	201409	2014	9	23	3	2	201439	23	工作日
267	20140924	201409	2014	9	24	3	3	201439	24	工作日
268	20140925	201409	2014	9	25	3	4	201439	25	工作日
269	20140926	201409	2014	9	26	3	5	201439	26	工作日
270	20140927	201409	2014	9	27	3	6	201439	27	周末
271	20140928	201409	2014	9	28	3	7	201439	28	周末
272	20140929	201409	2014	9	29	3	1	201440	29	工作日
273	20140930	201409	2014	9	30	3	2	201440	30	工作日
274	20141001	201410	2014	10	1	4	3	201440	1	工作日
275	20141002	201410	2014	10	2	4	4	201440	2	工作日
276	20141003	201410	2014	10	3	4	5	201440	3	工作日
277	20141004	201410	2014	10	4	4	6	201440	4	周末
278	20141005	201410	2014	10	5	4	7	201440	5	周末
279	20141006	201410	2014	10	6	4	1	201441	6	工作日
280	20141007	201410	2014	10	7	4	2	201441	7	工作日
281	20141008	201410	2014	10	8	4	3	201441	8	工作日
282	20141009	201410	2014	10	9	4	4	201441	9	工作日
283	20141010	201410	2014	10	10	4	5	201441	10	工作日
284	20141011	201410	2014	10	11	4	6	201441	11	周末
285	20141012	201410	2014	10	12	4	7	201441	12	周末
286	20141013	201410	2014	10	13	4	1	201442	13	工作日
287	20141014	201410	2014	10	14	4	2	201442	14	工作日
288	20141015	201410	2014	10	15	4	3	201442	15	工作日
289	20141016	201410	2014	10	16	4	4	201442	16	工作日
290	20141017	201410	2014	10	17	4	5	201442	17	工作日
291	20141018	201410	2014	10	18	4	6	201442	18	周末
292	20141019	201410	2014	10	19	4	7	201442	19	周末
293	20141020	201410	2014	10	20	4	1	201443	20	工作日
294	20141021	201410	2014	10	21	4	2	201443	21	工作日
295	20141022	201410	2014	10	22	4	3	201443	22	工作日
296	20141023	201410	2014	10	23	4	4	201443	23	工作日
297	20141024	201410	2014	10	24	4	5	201443	24	工作日
298	20141025	201410	2014	10	25	4	6	201443	25	周末
299	20141026	201410	2014	10	26	4	7	201443	26	周末
300	20141027	201410	2014	10	27	4	1	201444	27	工作日
301	20141028	201410	2014	10	28	4	2	201444	28	工作日
302	20141029	201410	2014	10	29	4	3	201444	29	工作日
303	20141030	201410	2014	10	30	4	4	201444	30	工作日
304	20141031	201410	2014	10	31	4	5	201444	31	工作日
305	20141101	201411	2014	11	1	4	6	201444	1	周末
306	20141102	201411	2014	11	2	4	7	201444	2	周末
307	20141103	201411	2014	11	3	4	1	201445	3	工作日
308	20141104	201411	2014	11	4	4	2	201445	4	工作日
309	20141105	201411	2014	11	5	4	3	201445	5	工作日
310	20141106	201411	2014	11	6	4	4	201445	6	工作日
311	20141107	201411	2014	11	7	4	5	201445	7	工作日
312	20141108	201411	2014	11	8	4	6	201445	8	周末
313	20141109	201411	2014	11	9	4	7	201445	9	周末
314	20141110	201411	2014	11	10	4	1	201446	10	工作日
315	20141111	201411	2014	11	11	4	2	201446	11	工作日
316	20141112	201411	2014	11	12	4	3	201446	12	工作日
317	20141113	201411	2014	11	13	4	4	201446	13	工作日
318	20141114	201411	2014	11	14	4	5	201446	14	工作日
319	20141115	201411	2014	11	15	4	6	201446	15	周末
320	20141116	201411	2014	11	16	4	7	201446	16	周末
321	20141117	201411	2014	11	17	4	1	201447	17	工作日
322	20141118	201411	2014	11	18	4	2	201447	18	工作日
323	20141119	201411	2014	11	19	4	3	201447	19	工作日
324	20141120	201411	2014	11	20	4	4	201447	20	工作日
325	20141121	201411	2014	11	21	4	5	201447	21	工作日
326	20141122	201411	2014	11	22	4	6	201447	22	周末
327	20141123	201411	2014	11	23	4	7	201447	23	周末
328	20141124	201411	2014	11	24	4	1	201448	24	工作日
329	20141125	201411	2014	11	25	4	2	201448	25	工作日
330	20141126	201411	2014	11	26	4	3	201448	26	工作日
331	20141127	201411	2014	11	27	4	4	201448	27	工作日
332	20141128	201411	2014	11	28	4	5	201448	28	工作日
333	20141129	201411	2014	11	29	4	6	201448	29	周末
334	20141130	201411	2014	11	30	4	7	201448	30	周末
335	20141201	201412	2014	12	1	4	1	201449	1	工作日
336	20141202	201412	2014	12	2	4	2	201449	2	工作日
337	20141203	201412	2014	12	3	4	3	201449	3	工作日
338	20141204	201412	2014	12	4	4	4	201449	4	工作日
339	20141205	201412	2014	12	5	4	5	201449	5	工作日
340	20141206	201412	2014	12	6	4	6	201449	6	周末
341	20141207	201412	2014	12	7	4	7	201449	7	周末
342	20141208	201412	2014	12	8	4	1	201450	8	工作日
343	20141209	201412	2014	12	9	4	2	201450	9	工作日
344	20141210	201412	2014	12	10	4	3	201450	10	工作日
345	20141211	201412	2014	12	11	4	4	201450	11	工作日
346	20141212	201412	2014	12	12	4	5	201450	12	工作日
347	20141213	201412	2014	12	13	4	6	201450	13	周末
348	20141214	201412	2014	12	14	4	7	201450	14	周末
349	20141215	201412	2014	12	15	4	1	201451	15	工作日
350	20141216	201412	2014	12	16	4	2	201451	16	工作日
351	20141217	201412	2014	12	17	4	3	201451	17	工作日
352	20141218	201412	2014	12	18	4	4	201451	18	工作日
353	20141219	201412	2014	12	19	4	5	201451	19	工作日
354	20141220	201412	2014	12	20	4	6	201451	20	周末
355	20141221	201412	2014	12	21	4	7	201451	21	周末
356	20141222	201412	2014	12	22	4	1	201452	22	工作日
357	20141223	201412	2014	12	23	4	2	201452	23	工作日
358	20141224	201412	2014	12	24	4	3	201452	24	工作日
359	20141225	201412	2014	12	25	4	4	201452	25	工作日
360	20141226	201412	2014	12	26	4	5	201452	26	工作日
361	20141227	201412	2014	12	27	4	6	201452	27	周末
362	20141228	201412	2014	12	28	4	7	201452	28	周末
363	20141229	201412	2014	12	29	4	1	201501	29	工作日
364	20141230	201412	2014	12	30	4	2	201501	30	工作日
365	20141231	201412	2014	12	31	4	3	201501	31	工作日
366	20150101	201501	2015	1	1	1	4	201501	1	工作日
367	20150102	201501	2015	1	2	1	5	201501	2	工作日
368	20150103	201501	2015	1	3	1	6	201501	3	周末
369	20150104	201501	2015	1	4	1	7	201501	4	周末
370	20150105	201501	2015	1	5	1	1	201502	5	工作日
371	20150106	201501	2015	1	6	1	2	201502	6	工作日
372	20150107	201501	2015	1	7	1	3	201502	7	工作日
373	20150108	201501	2015	1	8	1	4	201502	8	工作日
374	20150109	201501	2015	1	9	1	5	201502	9	工作日
375	20150110	201501	2015	1	10	1	6	201502	10	周末
376	20150111	201501	2015	1	11	1	7	201502	11	周末
377	20150112	201501	2015	1	12	1	1	201503	12	工作日
378	20150113	201501	2015	1	13	1	2	201503	13	工作日
379	20150114	201501	2015	1	14	1	3	201503	14	工作日
380	20150115	201501	2015	1	15	1	4	201503	15	工作日
381	20150116	201501	2015	1	16	1	5	201503	16	工作日
382	20150117	201501	2015	1	17	1	6	201503	17	周末
383	20150118	201501	2015	1	18	1	7	201503	18	周末
384	20150119	201501	2015	1	19	1	1	201504	19	工作日
385	20150120	201501	2015	1	20	1	2	201504	20	工作日
386	20150121	201501	2015	1	21	1	3	201504	21	工作日
387	20150122	201501	2015	1	22	1	4	201504	22	工作日
388	20150123	201501	2015	1	23	1	5	201504	23	工作日
389	20150124	201501	2015	1	24	1	6	201504	24	周末
390	20150125	201501	2015	1	25	1	7	201504	25	周末
391	20150126	201501	2015	1	26	1	1	201505	26	工作日
392	20150127	201501	2015	1	27	1	2	201505	27	工作日
393	20150128	201501	2015	1	28	1	3	201505	28	工作日
394	20150129	201501	2015	1	29	1	4	201505	29	工作日
395	20150130	201501	2015	1	30	1	5	201505	30	工作日
396	20150131	201501	2015	1	31	1	6	201505	31	周末
397	20150201	201502	2015	2	1	1	7	201505	1	周末
398	20150202	201502	2015	2	2	1	1	201506	2	工作日
399	20150203	201502	2015	2	3	1	2	201506	3	工作日
400	20150204	201502	2015	2	4	1	3	201506	4	工作日
401	20150205	201502	2015	2	5	1	4	201506	5	工作日
402	20150206	201502	2015	2	6	1	5	201506	6	工作日
403	20150207	201502	2015	2	7	1	6	201506	7	周末
404	20150208	201502	2015	2	8	1	7	201506	8	周末
405	20150209	201502	2015	2	9	1	1	201507	9	工作日
406	20150210	201502	2015	2	10	1	2	201507	10	工作日
407	20150211	201502	2015	2	11	1	3	201507	11	工作日
408	20150212	201502	2015	2	12	1	4	201507	12	工作日
409	20150213	201502	2015	2	13	1	5	201507	13	工作日
410	20150214	201502	2015	2	14	1	6	201507	14	周末
411	20150215	201502	2015	2	15	1	7	201507	15	周末
412	20150216	201502	2015	2	16	1	1	201508	16	工作日
413	20150217	201502	2015	2	17	1	2	201508	17	工作日
414	20150218	201502	2015	2	18	1	3	201508	18	工作日
415	20150219	201502	2015	2	19	1	4	201508	19	工作日
416	20150220	201502	2015	2	20	1	5	201508	20	工作日
417	20150221	201502	2015	2	21	1	6	201508	21	周末
418	20150222	201502	2015	2	22	1	7	201508	22	周末
419	20150223	201502	2015	2	23	1	1	201509	23	工作日
420	20150224	201502	2015	2	24	1	2	201509	24	工作日
421	20150225	201502	2015	2	25	1	3	201509	25	工作日
422	20150226	201502	2015	2	26	1	4	201509	26	工作日
423	20150227	201502	2015	2	27	1	5	201509	27	工作日
424	20150228	201502	2015	2	28	1	6	201509	28	周末
425	20150301	201503	2015	3	1	1	7	201509	1	周末
426	20150302	201503	2015	3	2	1	1	201510	2	工作日
427	20150303	201503	2015	3	3	1	2	201510	3	工作日
428	20150304	201503	2015	3	4	1	3	201510	4	工作日
429	20150305	201503	2015	3	5	1	4	201510	5	工作日
430	20150306	201503	2015	3	6	1	5	201510	6	工作日
431	20150307	201503	2015	3	7	1	6	201510	7	周末
432	20150308	201503	2015	3	8	1	7	201510	8	周末
433	20150309	201503	2015	3	9	1	1	201511	9	工作日
434	20150310	201503	2015	3	10	1	2	201511	10	工作日
435	20150311	201503	2015	3	11	1	3	201511	11	工作日
436	20150312	201503	2015	3	12	1	4	201511	12	工作日
437	20150313	201503	2015	3	13	1	5	201511	13	工作日
438	20150314	201503	2015	3	14	1	6	201511	14	周末
439	20150315	201503	2015	3	15	1	7	201511	15	周末
440	20150316	201503	2015	3	16	1	1	201512	16	工作日
441	20150317	201503	2015	3	17	1	2	201512	17	工作日
442	20150318	201503	2015	3	18	1	3	201512	18	工作日
443	20150319	201503	2015	3	19	1	4	201512	19	工作日
444	20150320	201503	2015	3	20	1	5	201512	20	工作日
445	20150321	201503	2015	3	21	1	6	201512	21	周末
446	20150322	201503	2015	3	22	1	7	201512	22	周末
447	20150323	201503	2015	3	23	1	1	201513	23	工作日
448	20150324	201503	2015	3	24	1	2	201513	24	工作日
449	20150325	201503	2015	3	25	1	3	201513	25	工作日
450	20150326	201503	2015	3	26	1	4	201513	26	工作日
451	20150327	201503	2015	3	27	1	5	201513	27	工作日
452	20150328	201503	2015	3	28	1	6	201513	28	周末
453	20150329	201503	2015	3	29	1	7	201513	29	周末
454	20150330	201503	2015	3	30	1	1	201514	30	工作日
455	20150331	201503	2015	3	31	1	2	201514	31	工作日
456	20150401	201504	2015	4	1	2	3	201514	1	工作日
457	20150402	201504	2015	4	2	2	4	201514	2	工作日
458	20150403	201504	2015	4	3	2	5	201514	3	工作日
459	20150404	201504	2015	4	4	2	6	201514	4	周末
460	20150405	201504	2015	4	5	2	7	201514	5	周末
461	20150406	201504	2015	4	6	2	1	201515	6	工作日
462	20150407	201504	2015	4	7	2	2	201515	7	工作日
463	20150408	201504	2015	4	8	2	3	201515	8	工作日
464	20150409	201504	2015	4	9	2	4	201515	9	工作日
465	20150410	201504	2015	4	10	2	5	201515	10	工作日
466	20150411	201504	2015	4	11	2	6	201515	11	周末
467	20150412	201504	2015	4	12	2	7	201515	12	周末
468	20150413	201504	2015	4	13	2	1	201516	13	工作日
469	20150414	201504	2015	4	14	2	2	201516	14	工作日
470	20150415	201504	2015	4	15	2	3	201516	15	工作日
471	20150416	201504	2015	4	16	2	4	201516	16	工作日
472	20150417	201504	2015	4	17	2	5	201516	17	工作日
473	20150418	201504	2015	4	18	2	6	201516	18	周末
474	20150419	201504	2015	4	19	2	7	201516	19	周末
475	20150420	201504	2015	4	20	2	1	201517	20	工作日
476	20150421	201504	2015	4	21	2	2	201517	21	工作日
477	20150422	201504	2015	4	22	2	3	201517	22	工作日
478	20150423	201504	2015	4	23	2	4	201517	23	工作日
479	20150424	201504	2015	4	24	2	5	201517	24	工作日
480	20150425	201504	2015	4	25	2	6	201517	25	周末
481	20150426	201504	2015	4	26	2	7	201517	26	周末
482	20150427	201504	2015	4	27	2	1	201518	27	工作日
483	20150428	201504	2015	4	28	2	2	201518	28	工作日
484	20150429	201504	2015	4	29	2	3	201518	29	工作日
485	20150430	201504	2015	4	30	2	4	201518	30	工作日
486	20150501	201505	2015	5	1	2	5	201518	1	工作日
487	20150502	201505	2015	5	2	2	6	201518	2	周末
488	20150503	201505	2015	5	3	2	7	201518	3	周末
489	20150504	201505	2015	5	4	2	1	201519	4	工作日
490	20150505	201505	2015	5	5	2	2	201519	5	工作日
491	20150506	201505	2015	5	6	2	3	201519	6	工作日
492	20150507	201505	2015	5	7	2	4	201519	7	工作日
493	20150508	201505	2015	5	8	2	5	201519	8	工作日
494	20150509	201505	2015	5	9	2	6	201519	9	周末
495	20150510	201505	2015	5	10	2	7	201519	10	周末
496	20150511	201505	2015	5	11	2	1	201520	11	工作日
497	20150512	201505	2015	5	12	2	2	201520	12	工作日
498	20150513	201505	2015	5	13	2	3	201520	13	工作日
499	20150514	201505	2015	5	14	2	4	201520	14	工作日
500	20150515	201505	2015	5	15	2	5	201520	15	工作日
501	20150516	201505	2015	5	16	2	6	201520	16	周末
502	20150517	201505	2015	5	17	2	7	201520	17	周末
503	20150518	201505	2015	5	18	2	1	201521	18	工作日
504	20150519	201505	2015	5	19	2	2	201521	19	工作日
505	20150520	201505	2015	5	20	2	3	201521	20	工作日
506	20150521	201505	2015	5	21	2	4	201521	21	工作日
507	20150522	201505	2015	5	22	2	5	201521	22	工作日
508	20150523	201505	2015	5	23	2	6	201521	23	周末
509	20150524	201505	2015	5	24	2	7	201521	24	周末
510	20150525	201505	2015	5	25	2	1	201522	25	工作日
511	20150526	201505	2015	5	26	2	2	201522	26	工作日
512	20150527	201505	2015	5	27	2	3	201522	27	工作日
513	20150528	201505	2015	5	28	2	4	201522	28	工作日
514	20150529	201505	2015	5	29	2	5	201522	29	工作日
515	20150530	201505	2015	5	30	2	6	201522	30	周末
516	20150531	201505	2015	5	31	2	7	201522	31	周末
517	20150601	201506	2015	6	1	2	1	201523	1	工作日
518	20150602	201506	2015	6	2	2	2	201523	2	工作日
519	20150603	201506	2015	6	3	2	3	201523	3	工作日
520	20150604	201506	2015	6	4	2	4	201523	4	工作日
521	20150605	201506	2015	6	5	2	5	201523	5	工作日
522	20150606	201506	2015	6	6	2	6	201523	6	周末
523	20150607	201506	2015	6	7	2	7	201523	7	周末
524	20150608	201506	2015	6	8	2	1	201524	8	工作日
525	20150609	201506	2015	6	9	2	2	201524	9	工作日
526	20150610	201506	2015	6	10	2	3	201524	10	工作日
527	20150611	201506	2015	6	11	2	4	201524	11	工作日
528	20150612	201506	2015	6	12	2	5	201524	12	工作日
529	20150613	201506	2015	6	13	2	6	201524	13	周末
530	20150614	201506	2015	6	14	2	7	201524	14	周末
531	20150615	201506	2015	6	15	2	1	201525	15	工作日
532	20150616	201506	2015	6	16	2	2	201525	16	工作日
533	20150617	201506	2015	6	17	2	3	201525	17	工作日
534	20150618	201506	2015	6	18	2	4	201525	18	工作日
535	20150619	201506	2015	6	19	2	5	201525	19	工作日
536	20150620	201506	2015	6	20	2	6	201525	20	周末
537	20150621	201506	2015	6	21	2	7	201525	21	周末
538	20150622	201506	2015	6	22	2	1	201526	22	工作日
539	20150623	201506	2015	6	23	2	2	201526	23	工作日
540	20150624	201506	2015	6	24	2	3	201526	24	工作日
541	20150625	201506	2015	6	25	2	4	201526	25	工作日
542	20150626	201506	2015	6	26	2	5	201526	26	工作日
543	20150627	201506	2015	6	27	2	6	201526	27	周末
544	20150628	201506	2015	6	28	2	7	201526	28	周末
545	20150629	201506	2015	6	29	2	1	201527	29	工作日
546	20150630	201506	2015	6	30	2	2	201527	30	工作日
547	20150701	201507	2015	7	1	3	3	201527	1	工作日
548	20150702	201507	2015	7	2	3	4	201527	2	工作日
549	20150703	201507	2015	7	3	3	5	201527	3	工作日
550	20150704	201507	2015	7	4	3	6	201527	4	周末
551	20150705	201507	2015	7	5	3	7	201527	5	周末
552	20150706	201507	2015	7	6	3	1	201528	6	工作日
553	20150707	201507	2015	7	7	3	2	201528	7	工作日
554	20150708	201507	2015	7	8	3	3	201528	8	工作日
555	20150709	201507	2015	7	9	3	4	201528	9	工作日
556	20150710	201507	2015	7	10	3	5	201528	10	工作日
557	20150711	201507	2015	7	11	3	6	201528	11	周末
558	20150712	201507	2015	7	12	3	7	201528	12	周末
559	20150713	201507	2015	7	13	3	1	201529	13	工作日
560	20150714	201507	2015	7	14	3	2	201529	14	工作日
561	20150715	201507	2015	7	15	3	3	201529	15	工作日
562	20150716	201507	2015	7	16	3	4	201529	16	工作日
563	20150717	201507	2015	7	17	3	5	201529	17	工作日
564	20150718	201507	2015	7	18	3	6	201529	18	周末
565	20150719	201507	2015	7	19	3	7	201529	19	周末
566	20150720	201507	2015	7	20	3	1	201530	20	工作日
567	20150721	201507	2015	7	21	3	2	201530	21	工作日
568	20150722	201507	2015	7	22	3	3	201530	22	工作日
569	20150723	201507	2015	7	23	3	4	201530	23	工作日
570	20150724	201507	2015	7	24	3	5	201530	24	工作日
571	20150725	201507	2015	7	25	3	6	201530	25	周末
572	20150726	201507	2015	7	26	3	7	201530	26	周末
573	20150727	201507	2015	7	27	3	1	201531	27	工作日
574	20150728	201507	2015	7	28	3	2	201531	28	工作日
575	20150729	201507	2015	7	29	3	3	201531	29	工作日
576	20150730	201507	2015	7	30	3	4	201531	30	工作日
577	20150731	201507	2015	7	31	3	5	201531	31	工作日
578	20150801	201508	2015	8	1	3	6	201531	1	周末
579	20150802	201508	2015	8	2	3	7	201531	2	周末
580	20150803	201508	2015	8	3	3	1	201532	3	工作日
581	20150804	201508	2015	8	4	3	2	201532	4	工作日
582	20150805	201508	2015	8	5	3	3	201532	5	工作日
583	20150806	201508	2015	8	6	3	4	201532	6	工作日
584	20150807	201508	2015	8	7	3	5	201532	7	工作日
585	20150808	201508	2015	8	8	3	6	201532	8	周末
586	20150809	201508	2015	8	9	3	7	201532	9	周末
587	20150810	201508	2015	8	10	3	1	201533	10	工作日
588	20150811	201508	2015	8	11	3	2	201533	11	工作日
589	20150812	201508	2015	8	12	3	3	201533	12	工作日
590	20150813	201508	2015	8	13	3	4	201533	13	工作日
591	20150814	201508	2015	8	14	3	5	201533	14	工作日
592	20150815	201508	2015	8	15	3	6	201533	15	周末
593	20150816	201508	2015	8	16	3	7	201533	16	周末
594	20150817	201508	2015	8	17	3	1	201534	17	工作日
595	20150818	201508	2015	8	18	3	2	201534	18	工作日
596	20150819	201508	2015	8	19	3	3	201534	19	工作日
597	20150820	201508	2015	8	20	3	4	201534	20	工作日
598	20150821	201508	2015	8	21	3	5	201534	21	工作日
599	20150822	201508	2015	8	22	3	6	201534	22	周末
600	20150823	201508	2015	8	23	3	7	201534	23	周末
601	20150824	201508	2015	8	24	3	1	201535	24	工作日
602	20150825	201508	2015	8	25	3	2	201535	25	工作日
603	20150826	201508	2015	8	26	3	3	201535	26	工作日
604	20150827	201508	2015	8	27	3	4	201535	27	工作日
605	20150828	201508	2015	8	28	3	5	201535	28	工作日
606	20150829	201508	2015	8	29	3	6	201535	29	周末
607	20150830	201508	2015	8	30	3	7	201535	30	周末
608	20150831	201508	2015	8	31	3	1	201536	31	工作日
609	20150901	201509	2015	9	1	3	2	201536	1	工作日
610	20150902	201509	2015	9	2	3	3	201536	2	工作日
611	20150903	201509	2015	9	3	3	4	201536	3	工作日
612	20150904	201509	2015	9	4	3	5	201536	4	工作日
613	20150905	201509	2015	9	5	3	6	201536	5	周末
614	20150906	201509	2015	9	6	3	7	201536	6	周末
615	20150907	201509	2015	9	7	3	1	201537	7	工作日
616	20150908	201509	2015	9	8	3	2	201537	8	工作日
617	20150909	201509	2015	9	9	3	3	201537	9	工作日
618	20150910	201509	2015	9	10	3	4	201537	10	工作日
619	20150911	201509	2015	9	11	3	5	201537	11	工作日
620	20150912	201509	2015	9	12	3	6	201537	12	周末
621	20150913	201509	2015	9	13	3	7	201537	13	周末
622	20150914	201509	2015	9	14	3	1	201538	14	工作日
623	20150915	201509	2015	9	15	3	2	201538	15	工作日
624	20150916	201509	2015	9	16	3	3	201538	16	工作日
625	20150917	201509	2015	9	17	3	4	201538	17	工作日
626	20150918	201509	2015	9	18	3	5	201538	18	工作日
627	20150919	201509	2015	9	19	3	6	201538	19	周末
628	20150920	201509	2015	9	20	3	7	201538	20	周末
629	20150921	201509	2015	9	21	3	1	201539	21	工作日
630	20150922	201509	2015	9	22	3	2	201539	22	工作日
631	20150923	201509	2015	9	23	3	3	201539	23	工作日
632	20150924	201509	2015	9	24	3	4	201539	24	工作日
633	20150925	201509	2015	9	25	3	5	201539	25	工作日
634	20150926	201509	2015	9	26	3	6	201539	26	周末
635	20150927	201509	2015	9	27	3	7	201539	27	周末
636	20150928	201509	2015	9	28	3	1	201540	28	工作日
637	20150929	201509	2015	9	29	3	2	201540	29	工作日
638	20150930	201509	2015	9	30	3	3	201540	30	工作日
639	20151001	201510	2015	10	1	4	4	201540	1	工作日
640	20151002	201510	2015	10	2	4	5	201540	2	工作日
641	20151003	201510	2015	10	3	4	6	201540	3	周末
642	20151004	201510	2015	10	4	4	7	201540	4	周末
643	20151005	201510	2015	10	5	4	1	201541	5	工作日
644	20151006	201510	2015	10	6	4	2	201541	6	工作日
645	20151007	201510	2015	10	7	4	3	201541	7	工作日
646	20151008	201510	2015	10	8	4	4	201541	8	工作日
647	20151009	201510	2015	10	9	4	5	201541	9	工作日
648	20151010	201510	2015	10	10	4	6	201541	10	周末
649	20151011	201510	2015	10	11	4	7	201541	11	周末
650	20151012	201510	2015	10	12	4	1	201542	12	工作日
651	20151013	201510	2015	10	13	4	2	201542	13	工作日
652	20151014	201510	2015	10	14	4	3	201542	14	工作日
653	20151015	201510	2015	10	15	4	4	201542	15	工作日
654	20151016	201510	2015	10	16	4	5	201542	16	工作日
655	20151017	201510	2015	10	17	4	6	201542	17	周末
656	20151018	201510	2015	10	18	4	7	201542	18	周末
657	20151019	201510	2015	10	19	4	1	201543	19	工作日
658	20151020	201510	2015	10	20	4	2	201543	20	工作日
659	20151021	201510	2015	10	21	4	3	201543	21	工作日
660	20151022	201510	2015	10	22	4	4	201543	22	工作日
661	20151023	201510	2015	10	23	4	5	201543	23	工作日
662	20151024	201510	2015	10	24	4	6	201543	24	周末
663	20151025	201510	2015	10	25	4	7	201543	25	周末
664	20151026	201510	2015	10	26	4	1	201544	26	工作日
665	20151027	201510	2015	10	27	4	2	201544	27	工作日
666	20151028	201510	2015	10	28	4	3	201544	28	工作日
667	20151029	201510	2015	10	29	4	4	201544	29	工作日
668	20151030	201510	2015	10	30	4	5	201544	30	工作日
669	20151031	201510	2015	10	31	4	6	201544	31	周末
670	20151101	201511	2015	11	1	4	7	201544	1	周末
671	20151102	201511	2015	11	2	4	1	201545	2	工作日
672	20151103	201511	2015	11	3	4	2	201545	3	工作日
673	20151104	201511	2015	11	4	4	3	201545	4	工作日
674	20151105	201511	2015	11	5	4	4	201545	5	工作日
675	20151106	201511	2015	11	6	4	5	201545	6	工作日
676	20151107	201511	2015	11	7	4	6	201545	7	周末
677	20151108	201511	2015	11	8	4	7	201545	8	周末
678	20151109	201511	2015	11	9	4	1	201546	9	工作日
679	20151110	201511	2015	11	10	4	2	201546	10	工作日
680	20151111	201511	2015	11	11	4	3	201546	11	工作日
681	20151112	201511	2015	11	12	4	4	201546	12	工作日
682	20151113	201511	2015	11	13	4	5	201546	13	工作日
683	20151114	201511	2015	11	14	4	6	201546	14	周末
684	20151115	201511	2015	11	15	4	7	201546	15	周末
685	20151116	201511	2015	11	16	4	1	201547	16	工作日
686	20151117	201511	2015	11	17	4	2	201547	17	工作日
687	20151118	201511	2015	11	18	4	3	201547	18	工作日
688	20151119	201511	2015	11	19	4	4	201547	19	工作日
689	20151120	201511	2015	11	20	4	5	201547	20	工作日
690	20151121	201511	2015	11	21	4	6	201547	21	周末
691	20151122	201511	2015	11	22	4	7	201547	22	周末
692	20151123	201511	2015	11	23	4	1	201548	23	工作日
693	20151124	201511	2015	11	24	4	2	201548	24	工作日
694	20151125	201511	2015	11	25	4	3	201548	25	工作日
695	20151126	201511	2015	11	26	4	4	201548	26	工作日
696	20151127	201511	2015	11	27	4	5	201548	27	工作日
697	20151128	201511	2015	11	28	4	6	201548	28	周末
698	20151129	201511	2015	11	29	4	7	201548	29	周末
699	20151130	201511	2015	11	30	4	1	201549	30	工作日
700	20151201	201512	2015	12	1	4	2	201549	1	工作日
701	20151202	201512	2015	12	2	4	3	201549	2	工作日
702	20151203	201512	2015	12	3	4	4	201549	3	工作日
703	20151204	201512	2015	12	4	4	5	201549	4	工作日
704	20151205	201512	2015	12	5	4	6	201549	5	周末
705	20151206	201512	2015	12	6	4	7	201549	6	周末
706	20151207	201512	2015	12	7	4	1	201550	7	工作日
707	20151208	201512	2015	12	8	4	2	201550	8	工作日
708	20151209	201512	2015	12	9	4	3	201550	9	工作日
709	20151210	201512	2015	12	10	4	4	201550	10	工作日
710	20151211	201512	2015	12	11	4	5	201550	11	工作日
711	20151212	201512	2015	12	12	4	6	201550	12	周末
712	20151213	201512	2015	12	13	4	7	201550	13	周末
713	20151214	201512	2015	12	14	4	1	201551	14	工作日
714	20151215	201512	2015	12	15	4	2	201551	15	工作日
715	20151216	201512	2015	12	16	4	3	201551	16	工作日
716	20151217	201512	2015	12	17	4	4	201551	17	工作日
717	20151218	201512	2015	12	18	4	5	201551	18	工作日
718	20151219	201512	2015	12	19	4	6	201551	19	周末
719	20151220	201512	2015	12	20	4	7	201551	20	周末
720	20151221	201512	2015	12	21	4	1	201552	21	工作日
721	20151222	201512	2015	12	22	4	2	201552	22	工作日
722	20151223	201512	2015	12	23	4	3	201552	23	工作日
723	20151224	201512	2015	12	24	4	4	201552	24	工作日
724	20151225	201512	2015	12	25	4	5	201552	25	工作日
725	20151226	201512	2015	12	26	4	6	201552	26	周末
726	20151227	201512	2015	12	27	4	7	201552	27	周末
727	20151228	201512	2015	12	28	4	1	201601	28	工作日
728	20151229	201512	2015	12	29	4	2	201601	29	工作日
729	20151230	201512	2015	12	30	4	3	201601	30	工作日
730	20151231	201512	2015	12	31	4	4	201601	31	工作日
731	20160101	201601	2016	1	1	1	5	201601	1	工作日
732	20160102	201601	2016	1	2	1	6	201601	2	周末
733	20160103	201601	2016	1	3	1	7	201601	3	周末
734	20160104	201601	2016	1	4	1	1	201602	4	工作日
735	20160105	201601	2016	1	5	1	2	201602	5	工作日
736	20160106	201601	2016	1	6	1	3	201602	6	工作日
737	20160107	201601	2016	1	7	1	4	201602	7	工作日
738	20160108	201601	2016	1	8	1	5	201602	8	工作日
739	20160109	201601	2016	1	9	1	6	201602	9	周末
740	20160110	201601	2016	1	10	1	7	201602	10	周末
741	20160111	201601	2016	1	11	1	1	201603	11	工作日
742	20160112	201601	2016	1	12	1	2	201603	12	工作日
743	20160113	201601	2016	1	13	1	3	201603	13	工作日
744	20160114	201601	2016	1	14	1	4	201603	14	工作日
745	20160115	201601	2016	1	15	1	5	201603	15	工作日
746	20160116	201601	2016	1	16	1	6	201603	16	周末
747	20160117	201601	2016	1	17	1	7	201603	17	周末
748	20160118	201601	2016	1	18	1	1	201604	18	工作日
749	20160119	201601	2016	1	19	1	2	201604	19	工作日
750	20160120	201601	2016	1	20	1	3	201604	20	工作日
751	20160121	201601	2016	1	21	1	4	201604	21	工作日
752	20160122	201601	2016	1	22	1	5	201604	22	工作日
753	20160123	201601	2016	1	23	1	6	201604	23	周末
754	20160124	201601	2016	1	24	1	7	201604	24	周末
755	20160125	201601	2016	1	25	1	1	201605	25	工作日
756	20160126	201601	2016	1	26	1	2	201605	26	工作日
757	20160127	201601	2016	1	27	1	3	201605	27	工作日
758	20160128	201601	2016	1	28	1	4	201605	28	工作日
759	20160129	201601	2016	1	29	1	5	201605	29	工作日
760	20160130	201601	2016	1	30	1	6	201605	30	周末
761	20160131	201601	2016	1	31	1	7	201605	31	周末
762	20160201	201602	2016	2	1	1	1	201606	1	工作日
763	20160202	201602	2016	2	2	1	2	201606	2	工作日
764	20160203	201602	2016	2	3	1	3	201606	3	工作日
765	20160204	201602	2016	2	4	1	4	201606	4	工作日
766	20160205	201602	2016	2	5	1	5	201606	5	工作日
767	20160206	201602	2016	2	6	1	6	201606	6	周末
768	20160207	201602	2016	2	7	1	7	201606	7	周末
769	20160208	201602	2016	2	8	1	1	201607	8	工作日
770	20160209	201602	2016	2	9	1	2	201607	9	工作日
771	20160210	201602	2016	2	10	1	3	201607	10	工作日
772	20160211	201602	2016	2	11	1	4	201607	11	工作日
773	20160212	201602	2016	2	12	1	5	201607	12	工作日
774	20160213	201602	2016	2	13	1	6	201607	13	周末
775	20160214	201602	2016	2	14	1	7	201607	14	周末
776	20160215	201602	2016	2	15	1	1	201608	15	工作日
777	20160216	201602	2016	2	16	1	2	201608	16	工作日
778	20160217	201602	2016	2	17	1	3	201608	17	工作日
779	20160218	201602	2016	2	18	1	4	201608	18	工作日
780	20160219	201602	2016	2	19	1	5	201608	19	工作日
781	20160220	201602	2016	2	20	1	6	201608	20	周末
782	20160221	201602	2016	2	21	1	7	201608	21	周末
783	20160222	201602	2016	2	22	1	1	201609	22	工作日
784	20160223	201602	2016	2	23	1	2	201609	23	工作日
785	20160224	201602	2016	2	24	1	3	201609	24	工作日
786	20160225	201602	2016	2	25	1	4	201609	25	工作日
787	20160226	201602	2016	2	26	1	5	201609	26	工作日
788	20160227	201602	2016	2	27	1	6	201609	27	周末
789	20160228	201602	2016	2	28	1	7	201609	28	周末
790	20160229	201602	2016	2	29	1	1	201610	29	工作日
791	20160301	201603	2016	3	1	1	2	201610	1	工作日
792	20160302	201603	2016	3	2	1	3	201610	2	工作日
793	20160303	201603	2016	3	3	1	4	201610	3	工作日
794	20160304	201603	2016	3	4	1	5	201610	4	工作日
795	20160305	201603	2016	3	5	1	6	201610	5	周末
796	20160306	201603	2016	3	6	1	7	201610	6	周末
797	20160307	201603	2016	3	7	1	1	201611	7	工作日
798	20160308	201603	2016	3	8	1	2	201611	8	工作日
799	20160309	201603	2016	3	9	1	3	201611	9	工作日
800	20160310	201603	2016	3	10	1	4	201611	10	工作日
801	20160311	201603	2016	3	11	1	5	201611	11	工作日
802	20160312	201603	2016	3	12	1	6	201611	12	周末
803	20160313	201603	2016	3	13	1	7	201611	13	周末
804	20160314	201603	2016	3	14	1	1	201612	14	工作日
805	20160315	201603	2016	3	15	1	2	201612	15	工作日
806	20160316	201603	2016	3	16	1	3	201612	16	工作日
807	20160317	201603	2016	3	17	1	4	201612	17	工作日
808	20160318	201603	2016	3	18	1	5	201612	18	工作日
809	20160319	201603	2016	3	19	1	6	201612	19	周末
810	20160320	201603	2016	3	20	1	7	201612	20	周末
811	20160321	201603	2016	3	21	1	1	201613	21	工作日
812	20160322	201603	2016	3	22	1	2	201613	22	工作日
813	20160323	201603	2016	3	23	1	3	201613	23	工作日
814	20160324	201603	2016	3	24	1	4	201613	24	工作日
815	20160325	201603	2016	3	25	1	5	201613	25	工作日
816	20160326	201603	2016	3	26	1	6	201613	26	周末
817	20160327	201603	2016	3	27	1	7	201613	27	周末
818	20160328	201603	2016	3	28	1	1	201614	28	工作日
819	20160329	201603	2016	3	29	1	2	201614	29	工作日
820	20160330	201603	2016	3	30	1	3	201614	30	工作日
821	20160331	201603	2016	3	31	1	4	201614	31	工作日
822	20160401	201604	2016	4	1	2	5	201614	1	工作日
823	20160402	201604	2016	4	2	2	6	201614	2	周末
824	20160403	201604	2016	4	3	2	7	201614	3	周末
825	20160404	201604	2016	4	4	2	1	201615	4	工作日
826	20160405	201604	2016	4	5	2	2	201615	5	工作日
827	20160406	201604	2016	4	6	2	3	201615	6	工作日
828	20160407	201604	2016	4	7	2	4	201615	7	工作日
829	20160408	201604	2016	4	8	2	5	201615	8	工作日
830	20160409	201604	2016	4	9	2	6	201615	9	周末
831	20160410	201604	2016	4	10	2	7	201615	10	周末
832	20160411	201604	2016	4	11	2	1	201616	11	工作日
833	20160412	201604	2016	4	12	2	2	201616	12	工作日
834	20160413	201604	2016	4	13	2	3	201616	13	工作日
835	20160414	201604	2016	4	14	2	4	201616	14	工作日
836	20160415	201604	2016	4	15	2	5	201616	15	工作日
837	20160416	201604	2016	4	16	2	6	201616	16	周末
838	20160417	201604	2016	4	17	2	7	201616	17	周末
839	20160418	201604	2016	4	18	2	1	201617	18	工作日
840	20160419	201604	2016	4	19	2	2	201617	19	工作日
841	20160420	201604	2016	4	20	2	3	201617	20	工作日
842	20160421	201604	2016	4	21	2	4	201617	21	工作日
843	20160422	201604	2016	4	22	2	5	201617	22	工作日
844	20160423	201604	2016	4	23	2	6	201617	23	周末
845	20160424	201604	2016	4	24	2	7	201617	24	周末
846	20160425	201604	2016	4	25	2	1	201618	25	工作日
847	20160426	201604	2016	4	26	2	2	201618	26	工作日
848	20160427	201604	2016	4	27	2	3	201618	27	工作日
849	20160428	201604	2016	4	28	2	4	201618	28	工作日
850	20160429	201604	2016	4	29	2	5	201618	29	工作日
851	20160430	201604	2016	4	30	2	6	201618	30	周末
852	20160501	201605	2016	5	1	2	7	201618	1	周末
853	20160502	201605	2016	5	2	2	1	201619	2	工作日
854	20160503	201605	2016	5	3	2	2	201619	3	工作日
855	20160504	201605	2016	5	4	2	3	201619	4	工作日
856	20160505	201605	2016	5	5	2	4	201619	5	工作日
857	20160506	201605	2016	5	6	2	5	201619	6	工作日
858	20160507	201605	2016	5	7	2	6	201619	7	周末
859	20160508	201605	2016	5	8	2	7	201619	8	周末
860	20160509	201605	2016	5	9	2	1	201620	9	工作日
861	20160510	201605	2016	5	10	2	2	201620	10	工作日
862	20160511	201605	2016	5	11	2	3	201620	11	工作日
863	20160512	201605	2016	5	12	2	4	201620	12	工作日
864	20160513	201605	2016	5	13	2	5	201620	13	工作日
865	20160514	201605	2016	5	14	2	6	201620	14	周末
866	20160515	201605	2016	5	15	2	7	201620	15	周末
867	20160516	201605	2016	5	16	2	1	201621	16	工作日
868	20160517	201605	2016	5	17	2	2	201621	17	工作日
869	20160518	201605	2016	5	18	2	3	201621	18	工作日
870	20160519	201605	2016	5	19	2	4	201621	19	工作日
871	20160520	201605	2016	5	20	2	5	201621	20	工作日
872	20160521	201605	2016	5	21	2	6	201621	21	周末
873	20160522	201605	2016	5	22	2	7	201621	22	周末
874	20160523	201605	2016	5	23	2	1	201622	23	工作日
875	20160524	201605	2016	5	24	2	2	201622	24	工作日
876	20160525	201605	2016	5	25	2	3	201622	25	工作日
877	20160526	201605	2016	5	26	2	4	201622	26	工作日
878	20160527	201605	2016	5	27	2	5	201622	27	工作日
879	20160528	201605	2016	5	28	2	6	201622	28	周末
880	20160529	201605	2016	5	29	2	7	201622	29	周末
881	20160530	201605	2016	5	30	2	1	201623	30	工作日
882	20160531	201605	2016	5	31	2	2	201623	31	工作日
883	20160601	201606	2016	6	1	2	3	201623	1	工作日
884	20160602	201606	2016	6	2	2	4	201623	2	工作日
885	20160603	201606	2016	6	3	2	5	201623	3	工作日
886	20160604	201606	2016	6	4	2	6	201623	4	周末
887	20160605	201606	2016	6	5	2	7	201623	5	周末
888	20160606	201606	2016	6	6	2	1	201624	6	工作日
889	20160607	201606	2016	6	7	2	2	201624	7	工作日
890	20160608	201606	2016	6	8	2	3	201624	8	工作日
891	20160609	201606	2016	6	9	2	4	201624	9	工作日
892	20160610	201606	2016	6	10	2	5	201624	10	工作日
893	20160611	201606	2016	6	11	2	6	201624	11	周末
894	20160612	201606	2016	6	12	2	7	201624	12	周末
895	20160613	201606	2016	6	13	2	1	201625	13	工作日
896	20160614	201606	2016	6	14	2	2	201625	14	工作日
897	20160615	201606	2016	6	15	2	3	201625	15	工作日
898	20160616	201606	2016	6	16	2	4	201625	16	工作日
899	20160617	201606	2016	6	17	2	5	201625	17	工作日
900	20160618	201606	2016	6	18	2	6	201625	18	周末
901	20160619	201606	2016	6	19	2	7	201625	19	周末
902	20160620	201606	2016	6	20	2	1	201626	20	工作日
903	20160621	201606	2016	6	21	2	2	201626	21	工作日
904	20160622	201606	2016	6	22	2	3	201626	22	工作日
905	20160623	201606	2016	6	23	2	4	201626	23	工作日
906	20160624	201606	2016	6	24	2	5	201626	24	工作日
907	20160625	201606	2016	6	25	2	6	201626	25	周末
908	20160626	201606	2016	6	26	2	7	201626	26	周末
909	20160627	201606	2016	6	27	2	1	201627	27	工作日
910	20160628	201606	2016	6	28	2	2	201627	28	工作日
911	20160629	201606	2016	6	29	2	3	201627	29	工作日
912	20160630	201606	2016	6	30	2	4	201627	30	工作日
913	20160701	201607	2016	7	1	3	5	201627	1	工作日
914	20160702	201607	2016	7	2	3	6	201627	2	周末
915	20160703	201607	2016	7	3	3	7	201627	3	周末
916	20160704	201607	2016	7	4	3	1	201628	4	工作日
917	20160705	201607	2016	7	5	3	2	201628	5	工作日
918	20160706	201607	2016	7	6	3	3	201628	6	工作日
919	20160707	201607	2016	7	7	3	4	201628	7	工作日
920	20160708	201607	2016	7	8	3	5	201628	8	工作日
921	20160709	201607	2016	7	9	3	6	201628	9	周末
922	20160710	201607	2016	7	10	3	7	201628	10	周末
923	20160711	201607	2016	7	11	3	1	201629	11	工作日
924	20160712	201607	2016	7	12	3	2	201629	12	工作日
925	20160713	201607	2016	7	13	3	3	201629	13	工作日
926	20160714	201607	2016	7	14	3	4	201629	14	工作日
927	20160715	201607	2016	7	15	3	5	201629	15	工作日
928	20160716	201607	2016	7	16	3	6	201629	16	周末
929	20160717	201607	2016	7	17	3	7	201629	17	周末
930	20160718	201607	2016	7	18	3	1	201630	18	工作日
931	20160719	201607	2016	7	19	3	2	201630	19	工作日
932	20160720	201607	2016	7	20	3	3	201630	20	工作日
933	20160721	201607	2016	7	21	3	4	201630	21	工作日
934	20160722	201607	2016	7	22	3	5	201630	22	工作日
935	20160723	201607	2016	7	23	3	6	201630	23	周末
936	20160724	201607	2016	7	24	3	7	201630	24	周末
937	20160725	201607	2016	7	25	3	1	201631	25	工作日
938	20160726	201607	2016	7	26	3	2	201631	26	工作日
939	20160727	201607	2016	7	27	3	3	201631	27	工作日
940	20160728	201607	2016	7	28	3	4	201631	28	工作日
941	20160729	201607	2016	7	29	3	5	201631	29	工作日
942	20160730	201607	2016	7	30	3	6	201631	30	周末
943	20160731	201607	2016	7	31	3	7	201631	31	周末
944	20160801	201608	2016	8	1	3	1	201632	1	工作日
945	20160802	201608	2016	8	2	3	2	201632	2	工作日
946	20160803	201608	2016	8	3	3	3	201632	3	工作日
947	20160804	201608	2016	8	4	3	4	201632	4	工作日
948	20160805	201608	2016	8	5	3	5	201632	5	工作日
949	20160806	201608	2016	8	6	3	6	201632	6	周末
950	20160807	201608	2016	8	7	3	7	201632	7	周末
951	20160808	201608	2016	8	8	3	1	201633	8	工作日
952	20160809	201608	2016	8	9	3	2	201633	9	工作日
953	20160810	201608	2016	8	10	3	3	201633	10	工作日
954	20160811	201608	2016	8	11	3	4	201633	11	工作日
955	20160812	201608	2016	8	12	3	5	201633	12	工作日
956	20160813	201608	2016	8	13	3	6	201633	13	周末
957	20160814	201608	2016	8	14	3	7	201633	14	周末
958	20160815	201608	2016	8	15	3	1	201634	15	工作日
959	20160816	201608	2016	8	16	3	2	201634	16	工作日
960	20160817	201608	2016	8	17	3	3	201634	17	工作日
961	20160818	201608	2016	8	18	3	4	201634	18	工作日
962	20160819	201608	2016	8	19	3	5	201634	19	工作日
963	20160820	201608	2016	8	20	3	6	201634	20	周末
964	20160821	201608	2016	8	21	3	7	201634	21	周末
965	20160822	201608	2016	8	22	3	1	201635	22	工作日
966	20160823	201608	2016	8	23	3	2	201635	23	工作日
967	20160824	201608	2016	8	24	3	3	201635	24	工作日
968	20160825	201608	2016	8	25	3	4	201635	25	工作日
969	20160826	201608	2016	8	26	3	5	201635	26	工作日
970	20160827	201608	2016	8	27	3	6	201635	27	周末
971	20160828	201608	2016	8	28	3	7	201635	28	周末
972	20160829	201608	2016	8	29	3	1	201636	29	工作日
973	20160830	201608	2016	8	30	3	2	201636	30	工作日
974	20160831	201608	2016	8	31	3	3	201636	31	工作日
975	20160901	201609	2016	9	1	3	4	201636	1	工作日
976	20160902	201609	2016	9	2	3	5	201636	2	工作日
977	20160903	201609	2016	9	3	3	6	201636	3	周末
978	20160904	201609	2016	9	4	3	7	201636	4	周末
979	20160905	201609	2016	9	5	3	1	201637	5	工作日
980	20160906	201609	2016	9	6	3	2	201637	6	工作日
981	20160907	201609	2016	9	7	3	3	201637	7	工作日
982	20160908	201609	2016	9	8	3	4	201637	8	工作日
983	20160909	201609	2016	9	9	3	5	201637	9	工作日
984	20160910	201609	2016	9	10	3	6	201637	10	周末
985	20160911	201609	2016	9	11	3	7	201637	11	周末
986	20160912	201609	2016	9	12	3	1	201638	12	工作日
987	20160913	201609	2016	9	13	3	2	201638	13	工作日
988	20160914	201609	2016	9	14	3	3	201638	14	工作日
989	20160915	201609	2016	9	15	3	4	201638	15	工作日
990	20160916	201609	2016	9	16	3	5	201638	16	工作日
991	20160917	201609	2016	9	17	3	6	201638	17	周末
992	20160918	201609	2016	9	18	3	7	201638	18	周末
993	20160919	201609	2016	9	19	3	1	201639	19	工作日
994	20160920	201609	2016	9	20	3	2	201639	20	工作日
995	20160921	201609	2016	9	21	3	3	201639	21	工作日
996	20160922	201609	2016	9	22	3	4	201639	22	工作日
997	20160923	201609	2016	9	23	3	5	201639	23	工作日
998	20160924	201609	2016	9	24	3	6	201639	24	周末
999	20160925	201609	2016	9	25	3	7	201639	25	周末
1000	20160926	201609	2016	9	26	3	1	201640	26	工作日
1001	20160927	201609	2016	9	27	3	2	201640	27	工作日
1002	20160928	201609	2016	9	28	3	3	201640	28	工作日
1003	20160929	201609	2016	9	29	3	4	201640	29	工作日
1004	20160930	201609	2016	9	30	3	5	201640	30	工作日
1005	20161001	201610	2016	10	1	4	6	201640	1	周末
1006	20161002	201610	2016	10	2	4	7	201640	2	周末
1007	20161003	201610	2016	10	3	4	1	201641	3	工作日
1008	20161004	201610	2016	10	4	4	2	201641	4	工作日
1009	20161005	201610	2016	10	5	4	3	201641	5	工作日
1010	20161006	201610	2016	10	6	4	4	201641	6	工作日
1011	20161007	201610	2016	10	7	4	5	201641	7	工作日
1012	20161008	201610	2016	10	8	4	6	201641	8	周末
1013	20161009	201610	2016	10	9	4	7	201641	9	周末
1014	20161010	201610	2016	10	10	4	1	201642	10	工作日
1015	20161011	201610	2016	10	11	4	2	201642	11	工作日
1016	20161012	201610	2016	10	12	4	3	201642	12	工作日
1017	20161013	201610	2016	10	13	4	4	201642	13	工作日
1018	20161014	201610	2016	10	14	4	5	201642	14	工作日
1019	20161015	201610	2016	10	15	4	6	201642	15	周末
1020	20161016	201610	2016	10	16	4	7	201642	16	周末
1021	20161017	201610	2016	10	17	4	1	201643	17	工作日
1022	20161018	201610	2016	10	18	4	2	201643	18	工作日
1023	20161019	201610	2016	10	19	4	3	201643	19	工作日
1024	20161020	201610	2016	10	20	4	4	201643	20	工作日
1025	20161021	201610	2016	10	21	4	5	201643	21	工作日
1026	20161022	201610	2016	10	22	4	6	201643	22	周末
1027	20161023	201610	2016	10	23	4	7	201643	23	周末
1028	20161024	201610	2016	10	24	4	1	201644	24	工作日
1029	20161025	201610	2016	10	25	4	2	201644	25	工作日
1030	20161026	201610	2016	10	26	4	3	201644	26	工作日
1031	20161027	201610	2016	10	27	4	4	201644	27	工作日
1032	20161028	201610	2016	10	28	4	5	201644	28	工作日
1033	20161029	201610	2016	10	29	4	6	201644	29	周末
1034	20161030	201610	2016	10	30	4	7	201644	30	周末
1035	20161031	201610	2016	10	31	4	1	201645	31	工作日
1036	20161101	201611	2016	11	1	4	2	201645	1	工作日
1037	20161102	201611	2016	11	2	4	3	201645	2	工作日
1038	20161103	201611	2016	11	3	4	4	201645	3	工作日
1039	20161104	201611	2016	11	4	4	5	201645	4	工作日
1040	20161105	201611	2016	11	5	4	6	201645	5	周末
1041	20161106	201611	2016	11	6	4	7	201645	6	周末
1042	20161107	201611	2016	11	7	4	1	201646	7	工作日
1043	20161108	201611	2016	11	8	4	2	201646	8	工作日
1044	20161109	201611	2016	11	9	4	3	201646	9	工作日
1045	20161110	201611	2016	11	10	4	4	201646	10	工作日
1046	20161111	201611	2016	11	11	4	5	201646	11	工作日
1047	20161112	201611	2016	11	12	4	6	201646	12	周末
1048	20161113	201611	2016	11	13	4	7	201646	13	周末
1049	20161114	201611	2016	11	14	4	1	201647	14	工作日
1050	20161115	201611	2016	11	15	4	2	201647	15	工作日
1051	20161116	201611	2016	11	16	4	3	201647	16	工作日
1052	20161117	201611	2016	11	17	4	4	201647	17	工作日
1053	20161118	201611	2016	11	18	4	5	201647	18	工作日
1054	20161119	201611	2016	11	19	4	6	201647	19	周末
1055	20161120	201611	2016	11	20	4	7	201647	20	周末
1056	20161121	201611	2016	11	21	4	1	201648	21	工作日
1057	20161122	201611	2016	11	22	4	2	201648	22	工作日
1058	20161123	201611	2016	11	23	4	3	201648	23	工作日
1059	20161124	201611	2016	11	24	4	4	201648	24	工作日
1060	20161125	201611	2016	11	25	4	5	201648	25	工作日
1061	20161126	201611	2016	11	26	4	6	201648	26	周末
1062	20161127	201611	2016	11	27	4	7	201648	27	周末
1063	20161128	201611	2016	11	28	4	1	201649	28	工作日
1064	20161129	201611	2016	11	29	4	2	201649	29	工作日
1065	20161130	201611	2016	11	30	4	3	201649	30	工作日
1066	20161201	201612	2016	12	1	4	4	201649	1	工作日
1067	20161202	201612	2016	12	2	4	5	201649	2	工作日
1068	20161203	201612	2016	12	3	4	6	201649	3	周末
1069	20161204	201612	2016	12	4	4	7	201649	4	周末
1070	20161205	201612	2016	12	5	4	1	201650	5	工作日
1071	20161206	201612	2016	12	6	4	2	201650	6	工作日
1072	20161207	201612	2016	12	7	4	3	201650	7	工作日
1073	20161208	201612	2016	12	8	4	4	201650	8	工作日
1074	20161209	201612	2016	12	9	4	5	201650	9	工作日
1075	20161210	201612	2016	12	10	4	6	201650	10	周末
1076	20161211	201612	2016	12	11	4	7	201650	11	周末
1077	20161212	201612	2016	12	12	4	1	201651	12	工作日
1078	20161213	201612	2016	12	13	4	2	201651	13	工作日
1079	20161214	201612	2016	12	14	4	3	201651	14	工作日
1080	20161215	201612	2016	12	15	4	4	201651	15	工作日
1081	20161216	201612	2016	12	16	4	5	201651	16	工作日
1082	20161217	201612	2016	12	17	4	6	201651	17	周末
1083	20161218	201612	2016	12	18	4	7	201651	18	周末
1084	20161219	201612	2016	12	19	4	1	201652	19	工作日
1085	20161220	201612	2016	12	20	4	2	201652	20	工作日
1086	20161221	201612	2016	12	21	4	3	201652	21	工作日
1087	20161222	201612	2016	12	22	4	4	201652	22	工作日
1088	20161223	201612	2016	12	23	4	5	201652	23	工作日
1089	20161224	201612	2016	12	24	4	6	201652	24	周末
1090	20161225	201612	2016	12	25	4	7	201652	25	周末
1091	20161226	201612	2016	12	26	4	1	201653	26	工作日
1092	20161227	201612	2016	12	27	4	2	201653	27	工作日
1093	20161228	201612	2016	12	28	4	3	201653	28	工作日
1094	20161229	201612	2016	12	29	4	4	201653	29	工作日
1095	20161230	201612	2016	12	30	4	5	201653	30	工作日
1096	20161231	201612	2016	12	31	4	6	201653	31	周末
